 reactionNumber reactionRate
1  2.794235E+008
2  8.031836E+007
3  7.593594E+001
4  1.415094E+001
5  1.039697E+004
6  2.187566E+003
7  3.122112E+003
8  9.050913E+003
9  5.771526E+007
10  1.758800E+007
11  2.055299E-001
12  9.939878E+006
13  3.653749E+004
14  8.139808E+007
15  1.380042E+003
16  1.509891E+002
17  8.333140E-012
18  6.766682E+002
19  3.782234E-010
20  9.247934E+001
21  1.609004E-003
22  1.212631E-003
23  9.972488E-004
24  1.160800E+001
25  2.024514E+003
26  4.498061E+000
27  2.077790E+002
28  3.238622E+003
29  4.263335E-004
30  1.918077E+001
31  1.503321E-005
32  7.739768E-005
33  0.000000E+000
34  0.000000E+000
35  0.000000E+000
36  3.315878E+000
37  2.609467E+006
38  0.000000E+000
39  1.355307E+004
40  2.736823E+008
41  2.309347E-008
42  7.774843E+007
43  1.384416E+006
44  8.315280E+006
45  1.732151E-001
46  8.829864E-004
47  8.333521E+007
48  2.697229E+003
49  0.000000E+000
50  2.089705E+002
51  7.211996E-004
52  8.112547E-005
53  8.887725E-002
54  8.878837E+001
55  1.218533E+004
56  2.701601E+000
57  1.610110E-005
58  1.613507E-005
59  1.613507E-005
60  6.152367E-009
61  4.590220E-010
62  3.060146E-010
63  3.165591E-003
64  1.294633E-002
65  3.268341E-003
66  1.505019E-004
67  6.015554E-008
68  3.596570E-010
69  9.149788E+001
70  1.209201E+004
71  1.447070E-012
