 reactionNumber reactionRate
1  5.143297E+008
2  1.478405E+008
3  2.670611E+001
4  1.172697E+003
5  9.028250E+003
6  1.899581E+003
7  4.114350E+005
8  1.192738E+006
9  4.964749E+008
10  1.585328E+006
11  4.165997E+002
12  1.471431E+006
13  5.667526E+001
14  1.262609E+005
15  1.818633E+005
16  9.422914E+003
17  4.116676E-003
18  2.209937E+005
19  1.283817E-003
20  5.656541E+002
21  1.682416E+001
22  1.242716E+000
23  1.021990E+000
24  1.707002E+005
25  3.119563E+005
26  4.830777E+000
27  2.994645E+005
28  4.891025E+004
29  2.484519E+000
30  2.018945E+000
31  1.997955E+002
32  2.911035E+001
33  0.000000E+000
34  0.000000E+000
35  0.000000E+000
36  3.818239E+003
37  3.871034E+003
38  0.000000E+000
39  1.786036E+006
40  1.584633E+008
41  7.262288E-003
42  5.020161E+008
43  1.449753E+004
44  9.870945E+004
45  1.181331E+005
46  8.112644E+001
47  1.236243E+005
48  4.812334E+004
49  3.471931E-016
50  6.825567E+004
51  3.932160E-001
52  4.423163E-002
53  6.815013E+001
54  6.808197E+004
55  9.790604E+004
56  1.512906E-001
57  4.670505E-003
58  4.680357E-003
59  4.680357E-003
60  9.663101E-004
61  8.256377E-004
62  5.504251E-004
63  1.115293E+003
64  2.343544E+003
65  6.314414E-002
66  2.888457E+002
67  2.972801E-002
68  7.396726E-004
69  6.808216E+004
70  9.784616E+004
71  1.386140E-006
