 reactionNumber reactionRate
1  6.351146E+008
2  1.825593E+008
3  3.387149E+001
4  1.727171E+003
5  9.515967E+003
6  2.002199E+003
7  1.418434E+006
8  4.112000E+006
9  6.082041E+008
10  1.389860E+006
11  5.926481E+002
12  1.290954E+006
13  3.558480E+001
14  7.927568E+004
15  6.269790E+005
16  4.262113E+004
17  4.146496E-001
18  9.724398E+005
19  1.371433E-001
20  2.198853E+003
21  2.804092E+002
22  1.780066E+001
23  1.463898E+001
24  8.966018E+005
25  1.172625E+006
26  1.564861E+001
27  1.351812E+006
28  1.580050E+005
29  3.559214E+001
30  5.620679E+000
31  4.008827E+003
32  8.753252E+002
33  0.000000E+000
34  0.000000E+000
35  0.000000E+000
36  2.607105E+004
37  2.418361E+003
38  0.000000E+000
39  6.157293E+006
40  2.000004E+008
41  3.143871E-001
42  6.122634E+008
43  1.270231E+004
44  8.736800E+004
45  7.901843E+005
46  1.268869E+003
47  7.723210E+004
48  1.565457E+005
49 -1.760403E-012
50  3.005780E+005
51  5.499137E+000
52  6.185805E-001
53  3.003564E+002
54  3.000560E+005
55  3.088016E+005
56  4.112211E-001
57  6.377145E-002
58  6.390598E-002
59  6.390598E-002
60  3.989707E-002
61  8.565314E-002
62  5.710209E-002
63  1.590898E+004
64  2.866829E+004
65  3.405639E-001
66  9.326655E+003
67  5.313085E-001
68  2.601218E-002
69  3.000236E+005
70  3.086861E+005
71  1.435083E-004
