 reactionNumber reactionRate
1  3.549248E-011
2  1.020207E-011
3  1.719237E-018
4  3.022136E-021
5  1.237446E-015
6  2.603636E-016
7  0.000000E+000
8  0.000000E+000
9  1.729661E+004
10  2.937497E+006
11  5.810128E-007
12  1.656834E+004
13  3.394121E+004
14  7.561409E+007
15  0.000000E+000
16  0.000000E+000
17  0.000000E+000
18  0.000000E+000
19  0.000000E+000
20  0.000000E+000
21  0.000000E+000
22  0.000000E+000
23  0.000000E+000
24  0.000000E+000
25  0.000000E+000
26  0.000000E+000
27  0.000000E+000
28  0.000000E+000
29  0.000000E+000
30  0.000000E+000
31  0.000000E+000
32  0.000000E+000
33  0.000000E+000
34  0.000000E+000
35  0.000000E+000
36  0.000000E+000
37  2.279010E+006
38  0.000000E+000
39  0.000000E+000
40  0.000000E+000
41  0.000000E+000
42  0.000000E+000
43  0.000000E+000
44  0.000000E+000
45  0.000000E+000
46  0.000000E+000
47  7.278182E+007
48  0.000000E+000
49  0.000000E+000
50  0.000000E+000
51  0.000000E+000
52  0.000000E+000
53  0.000000E+000
54  0.000000E+000
55  0.000000E+000
56  0.000000E+000
57  0.000000E+000
58  0.000000E+000
59  0.000000E+000
60  0.000000E+000
61  0.000000E+000
62  0.000000E+000
63  0.000000E+000
64  0.000000E+000
65  0.000000E+000
66  0.000000E+000
67  0.000000E+000
68  0.000000E+000
69  0.000000E+000
70  0.000000E+000
71  0.000000E+000
