 reactionNumber reactionRate
1  2.977102E+009
2  8.557472E+008
3  8.090550E+002
4  3.492318E+003
5  1.520615E+005
6  3.199436E+004
7  1.666376E+007
8  4.830775E+007
9  1.336867E+009
10  2.414338E+007
11  1.102733E+002
12  1.998357E+007
13  4.353260E+003
14  9.698174E+006
15  7.365746E+006
16  8.067998E+005
17  3.225690E+001
18  3.590559E+006
19  9.548358E+001
20  1.125296E+005
21  1.046162E+004
22  1.795447E+003
23  1.476547E+003
24  1.436729E+006
25  1.484986E+007
26  2.086122E+003
27  5.856272E+006
28  5.409581E+006
29  4.547696E+003
30  2.025734E+003
31  2.050540E+004
32  8.891672E+004
33  0.000000E+000
34  0.000000E+000
35  0.000000E+000
36  7.129088E+005
37  2.959893E+005
38  0.000000E+000
39  7.233278E+007
40  1.174976E+009
41  8.676766E+001
42  2.589613E+009
43  5.094388E+005
44  3.517597E+006
45  1.371992E+006
46  6.171571E+004
47  9.452631E+006
48  5.384430E+006
49 -8.672737E-012
50  1.116420E+006
51  4.748889E+002
52  5.341875E+001
53  1.114045E+003
54  1.112931E+006
55  9.051770E+006
56  1.268908E+002
57  4.715034E+000
58  4.724981E+000
59  4.724981E+000
60  8.586715E+000
61  4.716712E+001
62  3.144475E+001
63  1.477917E+005
64  2.378219E+005
65  7.334756E+001
66  2.079343E+005
67  7.690330E+000
68  8.028919E-001
69  1.113097E+006
70  9.050821E+006
71  7.735114E-002
