 reactionNumber reactionRate
1  6.647698E+008
2  1.910835E+008
3  3.700787E+001
4  1.686444E+003
5  7.721340E+003
6  1.624602E+003
7  3.641651E+006
8  1.055704E+007
9  5.922530E+008
10  1.124689E+006
11  5.157409E+002
12  1.047162E+006
13  2.398671E+001
14  5.343750E+004
15  1.609690E+006
16  1.637630E+005
17  3.051052E+001
18  3.558451E+006
19  1.650679E+001
20  9.662975E+003
21  4.345267E+003
22  3.154890E+002
23  2.594532E+002
24  3.078699E+006
25  3.346031E+006
26  5.008546E+001
27  5.308939E+006
28  5.156624E+005
29  4.295598E+002
30  2.057541E+001
31  4.324822E+004
32  2.092923E+004
33  0.000000E+000
34  0.000000E+000
35  0.000000E+000
36  1.693527E+005
37  1.624897E+003
38  0.000000E+000
39  1.580841E+007
40  2.433655E+008
41  1.559289E+001
42  5.982072E+008
43  1.244681E+004
44  8.596026E+004
45  2.970095E+006
46  1.533199E+004
47  5.189226E+004
48  5.132871E+005
49  3.831542E-012
50  1.106220E+006
51  9.134943E+001
52  1.027561E+001
53  1.105583E+003
54  1.104478E+006
55  9.445771E+005
56  1.410907E+000
57  9.928894E-001
58  9.949839E-001
59  9.949839E-001
60  1.702551E+000
61  9.006964E+000
62  6.004642E+000
63  1.497737E+005
64  2.388491E+005
65  1.742386E+000
66  2.019930E+005
67  7.803770E+000
68  7.733108E-001
69  1.105256E+006
70  9.446294E+005
71  1.589598E-002
