 reactionNumber reactionRate
1 -1.299259E-008
2 -3.734631E-009
3 -6.169125E-016
4 -1.127982E-018
5 -4.124115E-013
6 -8.677308E-014
7  0.000000E+000
8  0.000000E+000
9  1.728692E+004
10  2.621506E+006
11  6.040077E-007
12  2.081808E+004
13  3.808077E+004
14  8.483618E+007
15  0.000000E+000
16  0.000000E+000
17  0.000000E+000
18  0.000000E+000
19  0.000000E+000
20  0.000000E+000
21  0.000000E+000
22  0.000000E+000
23  0.000000E+000
24  0.000000E+000
25  0.000000E+000
26  0.000000E+000
27  0.000000E+000
28  0.000000E+000
29  0.000000E+000
30  0.000000E+000
31  0.000000E+000
32  0.000000E+000
33 -0.000000E+000
34  0.000000E+000
35  0.000000E+000
36  0.000000E+000
37  2.575088E+006
38  0.000000E+000
39  0.000000E+000
40  0.000000E+000
41  0.000000E+000
42  0.000000E+000
43  0.000000E+000
44  0.000000E+000
45  0.000000E+000
46  0.000000E+000
47  8.223729E+007
48  0.000000E+000
49  0.000000E+000
50  0.000000E+000
51  0.000000E+000
52  0.000000E+000
53  0.000000E+000
54  0.000000E+000
55  0.000000E+000
56  0.000000E+000
57  0.000000E+000
58  0.000000E+000
59  0.000000E+000
60  0.000000E+000
61  0.000000E+000
62  0.000000E+000
63  0.000000E+000
64  0.000000E+000
65  0.000000E+000
66  0.000000E+000
67  0.000000E+000
68  0.000000E+000
69  0.000000E+000
70  0.000000E+000
71  0.000000E+000
