 reactionNumber reactionRate
1  1.247504E-009
2  3.585863E-010
3  5.868489E-017
4  1.050849E-019
5  3.780955E-014
6  7.955285E-015
7  0.000000E+000
8  0.000000E+000
9  1.661755E+004
10  2.479889E+006
11  5.686270E-007
12  2.071415E+004
13  3.728759E+004
14  8.306914E+007
15  0.000000E+000
16  0.000000E+000
17  0.000000E+000
18  0.000000E+000
19  0.000000E+000
20  0.000000E+000
21  0.000000E+000
22  0.000000E+000
23  0.000000E+000
24  0.000000E+000
25  0.000000E+000
26  0.000000E+000
27  0.000000E+000
28  0.000000E+000
29  0.000000E+000
30  0.000000E+000
31  0.000000E+000
32  0.000000E+000
33  0.000000E+000
34  0.000000E+000
35  0.000000E+000
36  0.000000E+000
37  2.525390E+006
38  0.000000E+000
39  0.000000E+000
40  0.000000E+000
41  0.000000E+000
42  0.000000E+000
43  0.000000E+000
44  0.000000E+000
45  0.000000E+000
46  0.000000E+000
47  8.065014E+007
48  0.000000E+000
49  0.000000E+000
50  0.000000E+000
51  0.000000E+000
52  0.000000E+000
53  0.000000E+000
54  0.000000E+000
55  0.000000E+000
56  0.000000E+000
57  0.000000E+000
58  0.000000E+000
59  0.000000E+000
60  0.000000E+000
61  0.000000E+000
62  0.000000E+000
63  0.000000E+000
64  0.000000E+000
65  0.000000E+000
66  0.000000E+000
67  0.000000E+000
68  0.000000E+000
69  0.000000E+000
70  0.000000E+000
71  0.000000E+000
